{
	"metadata": {
		"type": "App"
	},
	"project": {
		"shadows": true,
		"shadowType": 1,
		"vr": false,
		"physicallyCorrectLights": false,
		"toneMapping": 0,
		"toneMappingExposure": 1
	},
	"camera": {
		"metadata": {
			"version": 4.5,
			"type": "Object",
			"generator": "Object3D.toJSON"
		},
		"object": {
			"uuid": "5bd716ab-781e-4e42-b8ce-7eb54cf51051",
			"type": "PerspectiveCamera",
			"name": "Camera",
			"layers": 1,
			"matrix": [-0.9989759546439245,0,-0.04525356310015953,0,-0.010721922673111438,0.9715266803977164,0.23668728392244714,0,0.04396503120237938,0.23693004199665257,-0.9705315119416982,0,0.5601534252972175,2.3544193585236552,-6.804262107449926,1],
			"fov": 50,
			"zoom": 1,
			"near": 0.1,
			"far": 100000,
			"focus": 10,
			"aspect": 1.303094983991462,
			"filmGauge": 35,
			"filmOffset": 0
		}
	},
	"scene": {
		"metadata": {
			"version": 4.5,
			"type": "Object",
			"generator": "Object3D.toJSON"
		},
		"geometries": [
			{
				"uuid": "db8485b9-1a20-4360-8829-617db6ae7e46",
				"type": "BoxGeometry",
				"width": 0.14,
				"height": 1,
				"depth": 0.14,
				"widthSegments": 1,
				"heightSegments": 1,
				"depthSegments": 1
			}],
		"materials": [
			{
				"uuid": "B5943856-E404-45D9-A427-4774202C2CD0",
				"type": "MeshPhongMaterial",
				"color": 8728155,
				"emissive": 5193796,
				"emissiveIntensity": 0.42,
				"specular": 1118481,
				"shininess": 30,
				"reflectivity": 1,
				"refractionRatio": 0.98,
				"depthFunc": 3,
				"depthTest": true,
				"depthWrite": true,
				"colorWrite": true,
				"stencilWrite": false,
				"stencilWriteMask": 255,
				"stencilFunc": 519,
				"stencilRef": 0,
				"stencilFuncMask": 255,
				"stencilFail": 7680,
				"stencilZFail": 7680,
				"stencilZPass": 7680
			}],
		"object": {
			"uuid": "3741222A-BD8F-401C-A5D2-5A907E891896",
			"type": "Scene",
			"name": "Scene",
			"layers": 1,
			"matrix": [1,0,0,0,0,1,0,0,0,0,1,0,0,0,0,1],
			"children": [
				{
					"uuid": "B7CBBC6F-EC26-49B5-8D0D-67D9C535924B",
					"type": "Group",
					"name": "Dummy",
					"layers": 1,
					"matrix": [1,0,0,0,0,1,0,0,0,0,1,0,0.365413099326542,1.8738704204553553,0.3222414079978836,1],
					"children": [
						{
							"uuid": "60B69C58-4201-43FD-815E-AD2EDFBBD0CE",
							"type": "PerspectiveCamera",
							"name": "PerspectiveCamera",
							"layers": 1,
							"matrix": [-1,0,0,0,0,1,0,0,0,0,-1,0,0.02978550844175812,-0.39374980811098825,-5.5715072540994575,1],
							"fov": 50,
							"zoom": 1,
							"near": 0.1,
							"far": 100,
							"focus": 10,
							"aspect": 1.215581643543223,
							"filmGauge": 35,
							"filmOffset": 0
						}]
				},
				{
					"uuid": "E2939A7B-5E40-438A-8C1B-32126FBC6892",
					"type": "PointLight",
					"name": "PointLight 1",
					"layers": 1,
					"matrix": [1,0,0,0,0,1,0,0,0,0,1,0,-0.939,1.271,-1.143,1],
					"color": 9474221,
					"intensity": 0.41,
					"distance": 0,
					"decay": 1,
					"shadow": {
						"camera": {
							"uuid": "EFF42F46-1E27-4B36-B9D9-CF7D879D258E",
							"type": "PerspectiveCamera",
							"layers": 1,
							"fov": 90,
							"zoom": 1,
							"near": 0.5,
							"far": 500,
							"focus": 10,
							"aspect": 1,
							"filmGauge": 35,
							"filmOffset": 0
						}
					}
				},
				{
					"uuid": "3412781E-27CC-43C3-A5DB-54C0C8E42ED6",
					"type": "PointLight",
					"name": "PointLight 2",
					"layers": 1,
					"matrix": [1,0,0,0,0,1,0,0,0,0,1,0,0.3615002691136464,1.772381737659415,2.119754034572855,1],
					"color": 12773063,
					"intensity": 0.42,
					"distance": 0,
					"decay": 1,
					"shadow": {
						"camera": {
							"uuid": "81E800FE-E8A7-4A9E-AFAA-4F04FD56AFE4",
							"type": "PerspectiveCamera",
							"layers": 1,
							"fov": 90,
							"zoom": 1,
							"near": 0.5,
							"far": 500,
							"focus": 10,
							"aspect": 1,
							"filmGauge": 35,
							"filmOffset": 0
						}
					}
				},
				{
					"uuid": "525cf9fb-ab44-4a99-a384-60702fbdeb71",
					"type": "Group",
					"name": "Group",
					"layers": 1,
					"matrix": [1,0,0,0,0,1,0,0,0,0,1,0,-0.4117647053611578,-0.16458309813249594,-0.1309000253074538,1],
					"children": [
						{
							"uuid": "de17e5be-d6e2-472c-96ee-edb9d315b87c",
							"type": "Mesh",
							"name": "Box",
							"layers": 1,
							"matrix": [0.9120978884484466,-0.40992303384157275,0.006367747954004949,0,0.4099130443063956,0.912120116172273,0.0028617794013778433,0,-0.006981260297960873,0,0.9999756307053947,0,-0.10521311896490737,2.6893048693338226,0.13027516263959585,1],
							"geometry": "db8485b9-1a20-4360-8829-617db6ae7e46",
							"material": "B5943856-E404-45D9-A427-4774202C2CD0"
						},
						{
							"uuid": "7a02d988-d2b0-4f8b-8084-e90300cdd808",
							"type": "Mesh",
							"name": "Box",
							"layers": 1,
							"matrix": [0.9092139516044615,0.41628079226040116,0.006347613949562722,0,-0.4162706477911361,0.9092361090470685,-0.0029061645678112365,0,-0.0069812602979608725,0,0.9999756307053947,0,0.891747194725713,2.6589788276383532,0.13027516263959585,1],
							"geometry": "db8485b9-1a20-4360-8829-617db6ae7e46",
							"material": "B5943856-E404-45D9-A427-4774202C2CD0"
						},
						{
							"uuid": "115eb2bc-b769-45e5-8d5f-ba9ef911fb86",
							"type": "Mesh",
							"name": "Box",
							"layers": 1,
							"matrix": [0.9120978884484466,-0.40992303384157275,0.006367747954004949,0,0.4099130443063956,0.912120116172273,0.0028617794013778433,0,-0.006981260297960873,0,0.9999756307053947,0,-0.5942947792739369,1.6299367741703596,0.13027516263959585,1],
							"geometry": "db8485b9-1a20-4360-8829-617db6ae7e46",
							"material": "B5943856-E404-45D9-A427-4774202C2CD0"
						},
						{
							"uuid": "9d4b4e11-11d3-4468-99ca-7a35e6e6872e",
							"type": "Mesh",
							"name": "Box",
							"layers": 1,
							"matrix": [0.9092139516044615,0.41628079226040116,0.006347613949562722,0,-0.4162706477911361,0.9092361090470685,-0.0029061645678112365,0,-0.0069812602979608725,0,0.9999756307053947,0,1.38761617797643,1.5592492630115737,0.13027516263959585,1],
							"geometry": "db8485b9-1a20-4360-8829-617db6ae7e46",
							"material": "B5943856-E404-45D9-A427-4774202C2CD0"
						},
						{
							"uuid": "c264f3b7-a5f7-452d-9953-d6776ca6c5c2",
							"type": "Mesh",
							"name": "Box",
							"layers": 1,
							"matrix": [0.9092139516044615,0.41628079226040116,0.006347613949562722,0,-0.4162706477911361,0.9092361090470685,-0.0029061645678112365,0,-0.0069812602979608725,0,0.9999756307053947,0,0.8636319420807788,1.5592492630115737,0.13027516263959585,1],
							"geometry": "db8485b9-1a20-4360-8829-617db6ae7e46",
							"material": "B5943856-E404-45D9-A427-4774202C2CD0"
						},
						{
							"uuid": "28608770-6bbd-40e9-8ff2-38f19e510ed7",
							"type": "Mesh",
							"name": "Box",
							"layers": 1,
							"matrix": [0.9092139516044615,0.41628079226040116,0.006347613949562722,0,-0.4162706477911361,0.9092361090470685,-0.0029061645678112365,0,-0.0069812602979608725,0,0.9999756307053947,0,1.3726578844934743,0.4507644914490263,0.13027516263959585,1],
							"geometry": "db8485b9-1a20-4360-8829-617db6ae7e46",
							"material": "B5943856-E404-45D9-A427-4774202C2CD0"
						},
						{
							"uuid": "d1264869-94df-42ce-ba8c-3ffa676c7407",
							"type": "Mesh",
							"name": "Box",
							"layers": 1,
							"matrix": [0.9092139516044615,0.41628079226040116,0.006347613949562722,0,-0.4162706477911361,0.9092361090470685,-0.0029061645678112365,0,-0.0069812602979608725,0,0.9999756307053947,0,1.9147595479405328,0.4507644914490263,0.13027516263959585,1],
							"geometry": "db8485b9-1a20-4360-8829-617db6ae7e46",
							"material": "B5943856-E404-45D9-A427-4774202C2CD0"
						},
						{
							"uuid": "8f5913b9-337e-47bf-afc4-f131640a41bc",
							"type": "Mesh",
							"name": "Box",
							"layers": 1,
							"matrix": [0.9092139516044615,0.41628079226040116,0.006347613949562722,0,-0.4162706477911361,0.9092361090470685,-0.0029061645678112365,0,-0.0069812602979608725,0,0.9999756307053947,0,0.8490985297811291,0.4507644914490263,0.13027516263959585,1],
							"geometry": "db8485b9-1a20-4360-8829-617db6ae7e46",
							"material": "B5943856-E404-45D9-A427-4774202C2CD0"
						},
						{
							"uuid": "a02420ba-0dee-4783-9d49-9ab651f80e1c",
							"type": "Mesh",
							"name": "Box",
							"layers": 1,
							"matrix": [0.9120978884484466,-0.40992303384157275,0.006367747954004949,0,0.4099130443063956,0.912120116172273,0.0028617794013778433,0,-0.006981260297960873,0,0.9999756307053947,0,-0.037533483810636675,1.5933763459165198,0.13027516263959585,1],
							"geometry": "db8485b9-1a20-4360-8829-617db6ae7e46",
							"material": "B5943856-E404-45D9-A427-4774202C2CD0"
						},
						{
							"uuid": "910a8b9b-5468-443f-b7d1-2e5f8e3e5f27",
							"type": "Mesh",
							"name": "Box",
							"layers": 1,
							"matrix": [0.9120978884484466,-0.40992303384157275,0.006367747954004949,0,0.4099130443063956,0.912120116172273,0.0028617794013778433,0,-0.006981260297960873,0,0.9999756307053947,0,-0.037533483810636675,0.46780852488578656,0.13027516263959585,1],
							"geometry": "db8485b9-1a20-4360-8829-617db6ae7e46",
							"material": "B5943856-E404-45D9-A427-4774202C2CD0"
						},
						{
							"uuid": "bf5f32db-48a1-4339-aa03-a277eb98462f",
							"type": "Mesh",
							"name": "Box",
							"layers": 1,
							"matrix": [0.9120978884484466,-0.40992303384157275,0.006367747954004949,0,0.4099130443063956,0.912120116172273,0.0028617794013778433,0,-0.006981260297960873,0,0.9999756307053947,0,-1.11861040454877,0.5087722013002632,0.12394125215193796,1],
							"geometry": "db8485b9-1a20-4360-8829-617db6ae7e46",
							"material": "B5943856-E404-45D9-A427-4774202C2CD0"
						},
						{
							"uuid": "9bb1d6d0-b3b7-4225-8e0c-f6d2a8cecea3",
							"type": "Mesh",
							"name": "Box",
							"layers": 1,
							"matrix": [0.9120978884484466,-0.40992303384157275,0.006367747954004949,0,0.4099130443063956,0.912120116172273,0.0028617794013778433,0,-0.006981260297960873,0,0.9999756307053947,0,-0.5832225341471151,0.46756897975860395,0.12120857955751961,1],
							"geometry": "db8485b9-1a20-4360-8829-617db6ae7e46",
							"material": "B5943856-E404-45D9-A427-4774202C2CD0"
						}]
				}],
			"fog": {
				"type": "Fog",
				"color": 3811111,
				"near": 0.1,
				"far": 50
			}
		}
	},
	"scripts": {
		"60B69C58-4201-43FD-815E-AD2EDFBBD0CE": [
			{
				"name": "Player Camera",
				"source": "player.setCamera( this );"
			}],
		"B7CBBC6F-EC26-49B5-8D0D-67D9C535924B": [
			{
				"name": "Orbit",
				"source": "function update( event ) {\n\n\tvar time = event.time * 0.001;\n\n\tthis.position.x = Math.sin( time ) * 5;\n\tthis.position.z = Math.cos( time ) * 5;\n\tthis.lookAt( scene.position );\n\n}"
			}]
	}
}